image_width: 1280
image_height: 720
camera_name: narrow_stereo
camera_matrix:
  rows: 3
  cols: 3
  data: [910.64147,   0.     , 641.28675,
           0.     , 912.86258, 381.12621,
           0.     ,   0.     ,   1.     ]
distortion_model: plumb_bob
distortion_coefficients:
  rows: 1
  cols: 5
  data: [0.135757, -0.218716, 0.007937, -0.003255, 0.000000]
rectification_matrix:
  rows: 3
  cols: 3
  data: [1., 0., 0.,
         0., 1., 0.,
         0., 0., 1.]
projection_matrix:
  rows: 3
  cols: 4
  data: [924.05249,   0.     , 636.28674,   0.     ,
           0.     , 932.81555, 385.18228,   0.     ,
           0.     ,   0.     ,   1.     ,   0.     ]